0.00,-1.714636
0.01,-2.120430
0.02,-3.231875
0.03,-2.711189
0.04,-4.229975
0.05,-4.666541
0.06,-4.701997
0.07,-4.314327
0.08,-5.381982
0.09,-5.057338
0.10,-6.564918
0.11,-6.332103
0.12,-6.299104
0.13,-6.591936
0.14,-6.160449
0.15,-6.430976
0.16,-7.175130
0.17,-7.145280
0.18,-7.358980
0.19,-7.009378
0.20,-6.950037
0.21,-7.519768
0.22,-6.588543
0.23,-7.316008
0.24,-6.831695
0.25,-6.500373
0.26,-7.025249
0.27,-6.613447
0.28,-6.948496
0.29,-6.075361
0.30,-6.927396
0.31,-6.433424
0.32,-6.728599
0.33,-6.802064
0.34,-5.924143
0.35,-5.248097
0.36,-4.636631
0.37,-5.410319
0.38,-5.857856
0.39,-5.852608
0.40,-4.750501
0.41,-5.264172
0.42,-4.557158
0.43,-4.791788
0.44,-4.177191
0.45,-4.705377
0.46,-4.861485
0.47,-4.750441
0.48,-4.581329
0.49,-4.654374
0.50,-4.669550
0.51,-4.467753
0.52,-4.474486
0.53,-4.793807
0.54,-4.688000
0.55,-5.280836
0.56,-4.641048
0.57,-4.691027
0.58,-5.395778
0.59,-5.464853
0.60,-4.731376
0.61,-5.614526
0.62,-5.594665
0.63,-5.379287
0.64,-5.635255
0.65,-5.641094
0.66,-5.998338
0.67,-7.080238
0.68,-6.353540
0.69,-6.838397
0.70,-6.248569
0.71,-6.406997
0.72,-6.751340
0.73,-6.713652
0.74,-7.103884
0.75,-7.072436
0.76,-7.447306
0.77,-6.985200
0.78,-6.589933
0.79,-7.046422
0.80,-6.155358
0.81,-7.357209
0.82,-6.488107
0.83,-6.638110
0.84,-5.991886
0.85,-6.654314
0.86,-5.757288
0.87,-6.010547
0.88,-5.944544
0.89,-5.319844
0.90,-6.214770
0.91,-5.493911
0.92,-4.518703
0.93,-4.138493
0.94,-4.333812
0.95,-3.561877
0.96,-2.670098
0.97,-2.347672
0.98,-2.265979
0.99,-1.648815
1.00,-1.125373
1.01,-1.092695
1.02,-1.246221
1.03,-0.415708
1.04,-0.220393
1.05,0.209535
1.06,0.288366
1.07,0.807457
1.08,1.281972
1.09,2.297170
1.10,1.941170
1.11,1.984577
1.12,3.003592
1.13,3.688767
1.14,4.048788
1.15,4.002887
1.16,4.598381
1.17,4.067607
1.18,4.785940
1.19,5.180493
1.20,5.156274
1.21,5.478267
1.22,4.711578
1.23,5.540806
1.24,5.269773
1.25,4.909974
1.26,4.947318
1.27,4.433955
1.28,4.554440
1.29,4.749137
1.30,4.699406
1.31,3.287290
1.32,4.722873
1.33,4.228731
1.34,3.578198
1.35,3.823954
1.36,2.555475
1.37,3.061366
1.38,3.298956
1.39,1.585143
1.40,1.959853
1.41,1.107331
1.42,1.329548
1.43,0.854613
1.44,0.854037
1.45,0.160012
1.46,-0.100382
1.47,-0.330998
1.48,-0.817158
1.49,-2.043000
1.50,-2.523617
1.51,-3.310270
1.52,-2.573981
1.53,-3.328601
1.54,-4.055153
1.55,-4.424038
1.56,-4.309212
1.57,-3.914680
1.58,-4.441445
1.59,-5.193330
1.60,-5.242940
1.61,-5.214800
1.62,-5.266901
1.63,-6.297186
1.64,-6.318707
1.65,-6.071262
1.66,-5.644042
1.67,-6.611155
1.68,-6.535403
1.69,-6.448097
1.70,-6.676782
1.71,-7.046979
1.72,-6.865861
1.73,-6.230941
1.74,-6.226323
1.75,-6.994772
1.76,-6.611115
1.77,-6.235252
1.78,-7.128816
1.79,-6.654799
1.80,-6.602870
1.81,-5.982512
1.82,-7.111915
1.83,-5.713482
1.84,-6.541981
1.85,-6.043784
1.86,-5.918173
1.87,-6.161760
1.88,-6.079251
1.89,-5.415341
1.90,-5.154285
1.91,-5.173114
1.92,-5.005431
1.93,-5.007589
1.94,-5.293316
1.95,-5.440419
1.96,-5.080789
1.97,-5.461962
1.98,-5.034759
1.99,-4.666937
2.00,-5.168901
2.01,-4.644802
2.02,-5.020773
2.03,-5.590240
2.04,-5.350216
2.05,-4.490783
2.06,-4.735194
2.07,-4.911129
2.08,-4.453800
2.09,-5.424511
2.10,-5.267224
2.11,-5.232888
2.12,-5.726161
2.13,-5.481719
2.14,-5.158428
2.15,-5.549669
2.16,-4.835357
2.17,-5.633521
2.18,-5.596163
2.19,-5.428511
2.20,-6.053847
2.21,-5.226648
2.22,-5.608302
2.23,-5.085350
2.24,-5.783033
2.25,-5.070932
2.26,-5.523101
2.27,-5.371843
2.28,-4.826980
2.29,-5.529585
2.30,-5.009431
2.31,-5.079575
2.32,-6.470162
2.33,-4.856842
2.34,-4.385765
2.35,-5.209126
2.36,-5.264219
2.37,-4.369210
2.38,-4.258335
2.39,-4.366758
2.40,-4.019441
2.41,-3.159846
2.42,-3.066215
2.43,-3.104512
2.44,-3.232582
2.45,-2.981008
2.46,-2.346834
2.47,-2.746721
2.48,-1.324323
2.49,-1.498873
2.50,-0.788384
2.51,-0.882994
2.52,-0.775678
2.53,-0.503611
2.54,0.767115
2.55,0.291730
2.56,1.178054
2.57,0.700154
2.58,1.149536
2.59,0.706573
2.60,0.853607
2.61,1.618136
2.62,2.939064
2.63,2.225634
2.64,1.724753
2.65,3.576860
2.66,2.518844
2.67,3.103422
2.68,3.547615
2.69,2.786974
2.70,2.341218
2.71,3.024406
2.72,2.764111
2.73,3.606233
2.74,3.850335
2.75,3.993523
2.76,3.369163
2.77,4.180468
2.78,3.192394
2.79,3.183909
2.80,3.335206
2.81,3.374921
2.82,2.723441
2.83,3.246395
2.84,2.909623
2.85,1.667266
2.86,2.800012
2.87,1.809019
2.88,2.016653
2.89,1.541871
2.90,1.158385
2.91,0.766263
2.92,-0.257012
2.93,0.057064
2.94,-0.598652
2.95,-0.242272
2.96,0.053207
2.97,-2.163185
2.98,-1.491685
2.99,-1.661909
3.00,-1.725544
3.01,-2.847465
3.02,-2.921485
3.03,-3.303966
3.04,-3.436885
3.05,-3.982641
3.06,-4.110849
3.07,-4.364150
3.08,-4.471985
3.09,-4.201623
3.10,-3.951983
3.11,-5.044130
3.12,-5.001902
3.13,-5.607573
3.14,-5.389192
3.15,-6.309045
3.16,-6.008879
3.17,-5.850942
3.18,-6.311433
3.19,-6.492857
3.20,-6.396027
3.21,-6.140218
3.22,-6.616453
3.23,-6.606988
3.24,-6.624503
3.25,-6.272144
3.26,-6.163205
3.27,-7.469525
3.28,-6.802305
3.29,-6.556207
3.30,-6.205981
3.31,-6.230945
3.32,-6.597656
3.33,-6.500236
3.34,-6.657137
3.35,-6.530409
3.36,-5.913544
3.37,-7.126121
3.38,-5.864618
3.39,-5.648779
3.40,-6.250848
3.41,-5.153756
3.42,-5.796218
3.43,-4.910799
3.44,-5.730813
3.45,-5.727691
3.46,-5.312724
3.47,-5.223129
3.48,-5.571941
3.49,-4.502466
3.50,-4.125154
3.51,-4.399854
3.52,-5.261704
3.53,-4.131672
3.54,-5.339477
3.55,-4.295392
3.56,-4.532563
3.57,-4.425612
3.58,-4.168630
3.59,-4.829242
3.60,-3.882692
3.61,-4.079815
3.62,-3.921240
3.63,-4.417033
3.64,-4.378786
3.65,-5.159518
3.66,-4.335495
3.67,-4.643505
3.68,-4.394831
3.69,-4.275114
3.70,-4.268309
3.71,-3.885060
3.72,-4.200088
3.73,-4.110572
3.74,-3.846600
3.75,-3.797360
3.76,-4.286339
3.77,-3.297567
3.78,-4.041719
3.79,-3.722150
3.80,-3.965829
3.81,-4.509815
3.82,-3.356265
3.83,-3.832852
3.84,-3.132777
3.85,-4.144867
3.86,-4.195360
3.87,-3.385540
3.88,-3.741417
3.89,-2.779527
3.90,-3.470567
3.91,-3.006224
3.92,-2.595886
3.93,-2.785999
3.94,-2.931885
3.95,-2.388147
3.96,-2.230422
3.97,-1.844005
3.98,-1.676071
3.99,-1.333972
4.00,-1.447911
4.01,-0.917577
4.02,-2.174906
4.03,-0.689204
4.04,-1.116239
4.05,-0.387884
4.06,0.321604
4.07,-0.182949
4.08,-0.168280
4.09,0.422085
4.10,-0.127913
4.11,0.966748
4.12,1.150680
4.13,1.569699
4.14,1.242639
4.15,0.761134
4.16,2.066109
4.17,1.673726
4.18,1.662881
4.19,2.392732
4.20,2.648577
4.21,2.019723
4.22,2.099902
4.23,2.490027
4.24,2.858870
4.25,1.556780
4.26,2.078751
4.27,2.416459
4.28,2.101267
4.29,2.373598
4.30,2.026193
4.31,1.616464
4.32,1.469790
4.33,1.809714
4.34,1.806461
4.35,0.917250
4.36,1.040250
4.37,0.896836
4.38,0.779404
4.39,0.154101
4.40,0.496111
4.41,-0.581664
4.42,-0.061213
4.43,-0.299768
4.44,-0.307813
4.45,-0.745017
4.46,-0.818188
4.47,-1.257021
4.48,-2.137955
4.49,-2.350495
4.50,-2.659703
4.51,-2.117918
4.52,-3.166508
4.53,-3.307129
4.54,-3.929443
4.55,-3.293782
4.56,-3.717651
4.57,-5.074787
4.58,-4.328810
4.59,-4.974842
4.60,-5.465629
4.61,-5.923449
4.62,-5.345764
4.63,-5.829707
4.64,-5.999262
4.65,-5.863247
4.66,-5.940344
4.67,-6.860388
4.68,-6.192430
4.69,-6.921459
4.70,-6.954223
4.71,-6.906533
4.72,-6.653528
4.73,-7.080080
4.74,-6.988582
4.75,-7.179932
4.76,-7.089113
4.77,-6.804434
4.78,-6.334956
4.79,-6.799729
4.80,-6.981374
4.81,-6.654500
4.82,-6.758992
4.83,-7.128144
4.84,-6.736914
4.85,-5.749404
4.86,-6.414366
4.87,-6.317866
4.88,-5.729601
4.89,-5.693324
4.90,-5.483811
4.91,-5.680328
4.92,-5.318914
4.93,-5.574659
4.94,-4.138991
4.95,-4.515357
4.96,-4.623511
4.97,-4.365022
4.98,-4.284807
4.99,-4.170091
5.00,-4.455909
5.01,-3.298729
5.02,-4.620540
5.03,-3.628997
5.04,-3.293124
5.05,-3.195433
5.06,-3.785332
5.07,-3.419253
5.08,-3.253770
5.09,-2.976028
5.10,-2.998826
5.11,-2.586766
5.12,-3.121378
5.13,-2.590902
5.14,-3.311445
5.15,-3.106414
5.16,-3.496525
5.17,-2.780518
5.18,-2.780231
5.19,-2.239946
5.20,-2.660116
5.21,-2.826534
5.22,-3.190256
5.23,-2.567336
5.24,-3.771856
5.25,-2.113151
5.26,-3.398359
5.27,-2.884214
5.28,-2.782287
5.29,-3.457878
5.30,-2.778531
5.31,-3.716568
5.32,-3.389302
5.33,-3.150626
5.34,-3.718189
5.35,-3.407322
5.36,-3.321541
5.37,-3.009002
5.38,-3.239350
5.39,-3.240516
5.40,-4.246298
5.41,-3.310543
5.42,-2.697756
5.43,-2.763130
5.44,-3.263986
5.45,-2.978686
5.46,-1.861231
5.47,-1.994298
5.48,-1.912759
5.49,-2.485885
5.50,-2.075471
5.51,-2.316890
5.52,-1.787700
5.53,-2.264300
5.54,-0.417950
5.55,-1.720281
5.56,-1.511986
5.57,-0.455106
5.58,-1.047618
5.59,-0.834858
5.60,0.051260
5.61,-0.166307
5.62,-0.238533
5.63,-0.983140
5.64,-0.385010
5.65,0.545362
5.66,-0.037189
5.67,1.169234
5.68,0.367932
5.69,0.964900
5.70,0.474843
5.71,1.412218
5.72,0.693145
5.73,1.367125
5.74,1.080784
5.75,1.471544
5.76,1.585419
5.77,1.094540
5.78,1.264177
5.79,1.146432
5.80,1.188879
5.81,1.681063
5.82,0.783337
5.83,1.275843
5.84,1.144020
5.85,0.830815
5.86,0.719480
5.87,0.232892
5.88,0.272318
5.89,0.028760
5.90,-0.280487
5.91,0.049820
5.92,-0.186900
5.93,-0.499296
5.94,-0.671530
5.95,-1.729554
5.96,-1.683015
5.97,-0.866392
5.98,-2.311203
5.99,-2.077559
6.00,-2.478259
6.01,-3.052484
6.02,-3.738797
6.03,-3.372025
6.04,-3.650560
6.05,-4.381555
6.06,-5.313047
6.07,-4.935686
6.08,-4.864859
6.09,-6.113212
6.10,-5.536797
6.11,-5.919851
6.12,-6.476508
6.13,-5.941204
6.14,-6.288097
6.15,-6.298336
6.16,-6.440319
6.17,-6.901157
6.18,-6.378875
6.19,-7.864341
6.20,-7.021144
6.21,-7.283388
6.22,-7.093838
6.23,-7.904498
6.24,-7.018597
6.25,-7.009297
6.26,-7.709026
6.27,-6.736521
6.28,-7.198646
6.29,-6.739774
6.30,-5.934848
6.31,-6.109528
6.32,-6.079891
6.33,-5.866364
6.34,-5.670487
6.35,-5.442848
6.36,-5.381020
6.37,-5.016611
6.38,-4.925984
6.39,-5.298292
6.40,-5.069773
6.41,-4.721404
6.42,-3.652743
6.43,-3.353966
6.44,-2.970101
6.45,-4.043282
6.46,-3.848350
6.47,-3.291775
6.48,-3.468241
6.49,-3.039382
6.50,-2.650921
6.51,-2.663764
6.52,-1.995643
6.53,-1.478650
6.54,-2.313364
6.55,-1.115688
6.56,-1.580972
6.57,-1.340722
6.58,-1.695514
6.59,-2.083116
6.60,-0.731460
6.61,-1.810391
6.62,-0.367932
6.63,-1.249175
6.64,-1.438415
6.65,-1.559356
6.66,-1.699226
6.67,-1.144776
6.68,-1.134207
6.69,-1.566129
6.70,-1.362370
6.71,-2.357335
6.72,-2.182240
6.73,-1.819527
6.74,-2.114741
6.75,-2.093167
6.76,-2.071566
6.77,-2.554832
6.78,-2.052168
6.79,-2.367061
6.80,-3.337092
6.81,-3.423408
6.82,-2.758995
6.83,-3.714535
6.84,-3.035796
6.85,-3.711429
6.86,-3.326625
6.87,-3.110240
6.88,-3.587330
6.89,-3.494799
6.90,-4.067662
6.91,-3.592899
6.92,-4.112739
6.93,-4.012069
6.94,-4.504136
6.95,-3.409453
6.96,-4.378734
6.97,-4.372783
6.98,-3.350885
6.99,-4.128654
7.00,-3.370611
7.01,-2.425887
7.02,-3.121836
7.03,-3.080364
7.04,-2.179199
7.05,-2.453776
7.06,-2.165439
7.07,-1.615367
7.08,-1.882757
7.09,-2.301713
7.10,-1.134652
7.11,-2.233929
7.12,-1.494440
7.13,0.006824
7.14,-0.759714
7.15,-0.739428
7.16,0.215769
7.17,-0.125750
7.18,-0.182330
7.19,-0.269813
7.20,0.018613
7.21,0.338910
7.22,-0.188779
7.23,0.681219
7.24,0.705735
7.25,0.783878
7.26,1.423067
7.27,0.890590
7.28,1.063354
7.29,0.966613
7.30,1.068957
7.31,0.793001
7.32,0.694116
7.33,0.957880
7.34,0.863388
7.35,-0.351171
7.36,-0.092021
7.37,-0.175797
7.38,-0.105478
7.39,-0.825347
7.40,-0.491255
7.41,-0.667276
7.42,-1.053652
7.43,-1.533888
7.44,-1.860001
7.45,-2.445655
7.46,-2.239922
7.47,-3.100257
7.48,-3.411492
7.49,-3.141879
7.50,-3.920958
7.51,-4.147735
7.52,-3.866470
7.53,-4.764603
7.54,-4.977458
7.55,-5.814377
7.56,-5.688884
7.57,-6.000324
7.58,-6.368636
7.59,-5.995351
7.60,-6.398130
7.61,-6.816592
7.62,-7.159990
7.63,-7.512659
7.64,-7.194716
7.65,-7.085690
7.66,-7.411568
7.67,-7.055724
7.68,-7.665594
7.69,-7.519281
7.70,-7.663855
7.71,-7.815580
7.72,-7.481063
7.73,-6.948421
7.74,-7.136556
7.75,-7.242630
7.76,-6.516064
7.77,-7.116501
7.78,-6.212302
7.79,-6.488223
7.80,-5.638577
7.81,-5.683155
7.82,-5.675479
7.83,-5.305674
7.84,-4.964834
7.85,-5.031449
7.86,-4.623982
7.87,-4.216800
7.88,-4.183635
7.89,-3.352954
7.90,-3.377365
7.91,-3.001595
7.92,-2.621911
7.93,-2.366887
7.94,-1.726042
7.95,-2.314007
7.96,-1.913647
7.97,-1.666247
7.98,-0.323530
7.99,-1.171770
8.00,-0.108967
8.01,-0.445753
8.02,-0.513109
8.03,-0.446222
8.04,0.670605
8.05,-0.365877
8.06,0.407871
8.07,-0.063838
8.08,0.362492
8.09,0.821427
8.10,0.324237
8.11,-0.430305
8.12,-0.001226
8.13,0.079026
8.14,0.293704
8.15,-0.722835
8.16,-0.415355
8.17,-0.593339
8.18,-0.638770
8.19,-0.306176
8.20,-1.232626
8.21,-0.899646
8.22,-0.861063
8.23,-1.451079
8.24,-1.489054
8.25,-2.498945
8.26,-2.459068
8.27,-3.096059
8.28,-2.044472
8.29,-1.935995
8.30,-3.594321
8.31,-3.011918
8.32,-3.574247
8.33,-3.395515
8.34,-4.039005
8.35,-4.271421
8.36,-4.362951
8.37,-4.049501
8.38,-4.565819
8.39,-5.461164
8.40,-5.265592
8.41,-4.638387
8.42,-4.940740
8.43,-5.493591
8.44,-4.499008
8.45,-4.730563
8.46,-5.247083
8.47,-4.217720
8.48,-4.820481
8.49,-4.306739
8.50,-4.633447
8.51,-4.210922
8.52,-4.315210
8.53,-3.750674
8.54,-3.717781
8.55,-2.892902
8.56,-3.378923
8.57,-2.904270
8.58,-3.446040
8.59,-2.547212
8.60,-2.542983
8.61,-2.157251
8.62,-2.055448
8.63,-0.965700
8.64,-1.126312
8.65,-0.592502
8.66,-0.180575
8.67,0.084080
8.68,-0.017987
8.69,0.119296
8.70,-0.238009
8.71,0.149053
8.72,0.681980
8.73,0.554570
8.74,-0.498715
8.75,1.248999
8.76,0.960232
8.77,0.916635
8.78,0.652480
8.79,0.310464
8.80,0.480461
8.81,-0.192817
8.82,0.548937
8.83,0.588667
8.84,-0.749550
8.85,-0.095105
8.86,-0.581537
8.87,-0.518884
8.88,-1.431708
8.89,-1.294711
8.90,-1.733258
8.91,-1.701788
8.92,-1.971295
8.93,-1.997371
8.94,-2.416226
8.95,-2.996625
8.96,-3.706825
8.97,-3.633189
8.98,-3.349689
8.99,-4.697398
9.00,-4.405238
9.01,-5.249113
9.02,-5.423685
9.03,-5.824826
9.04,-6.441645
9.05,-5.876501
9.06,-6.705409
9.07,-7.211104
9.08,-7.638581
9.09,-7.418873
9.10,-7.151799
9.11,-7.267061
9.12,-8.143376
9.13,-7.217820
9.14,-7.200622
9.15,-8.691899
9.16,-8.659912
9.17,-8.559609
9.18,-7.865673
9.19,-7.235499
9.20,-8.180312
9.21,-7.739508
9.22,-7.663130
9.23,-7.219543
9.24,-6.875913
9.25,-6.997085
9.26,-6.467268
9.27,-6.123244
9.28,-6.114294
9.29,-5.295468
9.30,-5.254714
9.31,-4.270038
9.32,-4.145313
9.33,-4.360178
9.34,-4.181595
9.35,-3.265321
9.36,-2.684815
9.37,-2.340132
9.38,-1.916761
9.39,-1.610992
9.40,-1.184431
9.41,-1.461889
9.42,-1.313028
9.43,-0.420892
9.44,-0.135674
9.45,0.600406
9.46,0.703438
9.47,0.757683
9.48,1.524191
9.49,2.063654
9.50,1.204266
9.51,1.769560
9.52,1.342060
9.53,2.180533
9.54,1.747846
9.55,1.682768
9.56,2.019690
9.57,1.230372
9.58,1.001027
9.59,1.115979
9.60,1.787041
9.61,1.757820
9.62,0.987661
9.63,1.296423
9.64,0.919366
9.65,0.377188
9.66,-0.116904
9.67,-0.055270
9.68,0.244101
9.69,-0.432535
9.70,-0.828141
9.71,-0.787252
9.72,-1.788173
9.73,-2.115538
9.74,-2.556772
9.75,-1.533015
9.76,-2.346711
9.77,-3.432894
9.78,-2.916148
9.79,-3.520300
9.80,-4.320791
9.81,-4.144331
9.82,-4.978495
9.83,-5.679357
9.84,-5.770319
9.85,-4.806258
9.86,-5.931000
9.87,-6.400398
9.88,-6.164609
9.89,-6.367517
9.90,-6.157755
9.91,-6.025560
9.92,-5.494139
9.93,-6.012626
9.94,-6.085737
9.95,-5.983731
9.96,-5.973336
9.97,-6.105544
9.98,-5.587931
9.99,-5.260531
10.00,-4.765271
10.01,-4.188098
10.02,-5.081423
10.03,-5.089608
10.04,-4.960714
10.05,-4.031038
10.06,-4.307046
10.07,-4.012444
